version https://git-lfs.github.com/spec/v1
oid sha256:9a7771a28bc368ce0f6c096506cc78a96a795f429c31b892fc6ea67097268f16
size 6293757
