version https://git-lfs.github.com/spec/v1
oid sha256:b20c897fad3942116d8da36700d178504c3945021824942b76b5e4160b06e5cb
size 5983748
